9773 9526
190.63
302.41
307.37
76.60
148.52
191.16
0.22
100.24
91.42
168.11
128.31
128.62
276.78
173.36
208.41
159.46
316.08
100.97
276.93
108.68
222.37
137.84
241.78
321.14
229.70
199.62
305.01
179.99
90.88
275.99
295.47
313.39
34.85
57.30
174.62
298.92
157.88
310.25
210.15
313.47
102.16
114.79
131.39
267.46
56.07
294.16
21.04
283.48
14.13
269.09
291.05
318.21
297.26
306.41
220.41
166.20
271.36
325.22
267.01
265.74
230.71
22.04
94.77
285.74
107.63
325.23
149.48
173.45
302.40
126.87
35.33
314.54
261.08
98.85
214.97
242.22
95.27
4.52
284.86
83.68
215.82
2.13
21.30
248.49
15.03
215.74
53.21
270.18
71.96
222.32
165.07
170.18
67.78
267.44
278.26
12.37
162.97
287.71
147.86
34.37
316.89
190.86
201.93
300.64
58.51
92.85
215.61
297.46
70.29
30.90
213.08
36.29
229.70
145.60
289.84
136.39
57.70
195.52
143.79
159.55
150.94
52.92
250.48
204.41
61.35
43.95
228.10
118.02
47.03
160.52
259.77
21.27
192.15
284.06
135.63
110.58
59.95
120.55
143.96
155.51
240.75
4.11
12.17
259.16
111.87
285.52
126.82
24.23
52.54
135.11
250.62
313.11
136.86
30.22
293.24
157.33
271.35
236.76
319.74
213.64
25.81
210.60
93.92
79.19
174.99
75.66
255.38
207.78
267.73
256.90
184.74
327.17
139.20
97.67
226.54
184.04
10.57
59.07
47.21
87.45
210.51
138.91
142.43
195.90
78.13
90.93
237.42
278.62
30.67
307.72
283.50
207.16
129.79
100.77
88.48
286.30
112.83
105.27
7.35
41.94
120.98
300.40
41.39
145.62
209.56
44.78
100.11
195.01
166.18
137.70
84.68
306.94
15.53
198.68
253.54
225.29
115.29
222.99
201.18
295.70
238.89
261.39
187.61
303.44
153.93
200.37
200.33
198.51
109.13
144.49
158.65
15.06
134.00
100.71
246.77
60.24
168.71
121.35
197.75
317.75
255.91
261.01
119.32
141.33
190.56
193.53
45.46
132.55
153.39
137.82
149.09
69.15
85.55
317.37
110.56
21.30
313.03
274.60
232.74
160.22
195.63
179.96
175.93
170.72
257.93
214.08
197.15
325.82
317.21
162.99
111.54
219.55
49.12
219.80
205.28
165.43
76.16
217.64
300.68
273.60
189.64
253.43
219.79
248.01
326.87
254.94
141.06
159.54
258.70
139.88
163.07
321.28
4.75
85.68
191.43
194.14
208.35
264.91
118.19
19.56
228.58
220.34
99.18
192.32
62.69
183.74
243.13
104.11
251.93
252.51
173.51
318.29
313.39
55.97
70.63
303.70
9.03
68.42
50.40
175.51
62.36
319.15
142.77
309.28
80.23
278.36
19.94
67.48
120.72
256.47
81.98
317.87
60.02
231.40
100.88
169.58
250.31
46.05
307.50
143.05
242.75
167.03
139.24
233.41
50.79
65.86
188.42
168.48
72.58
294.84
275.46
151.21
215.31
75.87
169.68
212.62
238.81
79.06
141.87
69.84
222.62
243.26
6.99
236.50
224.74
21.53
67.14
54.14
2.44
78.79
319.44
273.37
157.18
45.11
28.02
282.72
3.22
199.32
251.00
235.38
75.67
47.89
280.31
137.92
317.93
35.38
88.03
252.83
225.52
6.88
64.81
121.96
178.47
3.26
313.46
235.06
81.20
286.49
286.36
45.75
112.46
277.57
46.39
291.64
32.11
185.73
7.94
43.90
208.83
96.12
110.28
47.53
160.16
294.69
194.64
156.21
62.80
218.89
243.83
129.18
41.40
140.63
289.64
113.84
72.50
21.04
285.01
250.89
226.93
298.67
74.14
313.45
155.15
33.82
85.22
127.53
160.40
119.83
257.32
46.96
142.58
102.58
119.94
264.20
68.52
251.32
158.36
195.91
217.66
43.43
174.12
1.75
271.17
118.78
16.78
232.42
81.11
177.00
34.65
26.81
204.74
200.88
67.03
12.53
125.17
100.92
223.86
171.52
107.91
248.78
309.35
135.82
26.94
288.54
152.39
39.39
126.91
4.25
321.64
216.14
4.05
287.98
245.37
163.74
117.15
122.55
95.25
306.28
145.18
75.06
177.21
94.10
141.09
23.28
256.47
233.62
109.31
300.37
96.62
291.86
24.14
205.94
35.16
123.66
176.57
119.68
254.11
298.63
262.13
182.70
189.51
145.30
46.36
144.28
15.10
58.44
20.70
220.48
73.61
133.25
297.75
25.69
190.83
134.10
90.80
11.07
316.47
70.56
286.52
177.23
167.27
162.22
314.63
167.39
299.14
120.66
15.22
95.91
317.97
134.46
1.62
320.17
260.30
208.76
78.10
166.02
197.96
245.28
23.82
40.83
166.03
135.82
8.66
62.91
55.43
288.99
36.97
296.81
258.95
224.88
272.58
310.76
90.60
244.76
2.48
196.56
9.86
206.25
41.86
113.01
83.26
83.30
111.86
165.23
59.52
273.48
252.65
302.72
44.27
106.11
96.83
82.22
269.23
50.37
150.63
271.90
252.70
178.69
218.74
245.05
106.06
56.65
103.08
20.73
23.18
151.73
5.23
244.27
52.19
101.47
192.23
117.92
118.69
159.31
304.62
9.16
105.98
175.68
160.16
227.42
289.14
138.91
138.37
75.29
290.16
237.96
50.14
133.71
127.68
211.58
148.18
90.76
217.89
205.95
233.46
316.49
295.65
283.84
185.67
148.66
10.54
152.01
166.58
108.80
184.03
182.08
219.96
30.60
273.36
48.58
138.31
319.71
203.38
319.46
303.09
293.42
146.03
45.87
108.87
163.62
182.52
273.84
248.73
283.94
309.39
299.10
228.28
292.54
102.00
191.89
7.24
290.62
134.90
17.46
84.99
135.03
213.12
104.33
81.65
295.54
117.89
322.33
289.26
27.37
214.91
101.28
18.57
241.95
91.95
101.37
165.31
272.74
110.43
57.06
216.79
178.91
105.77
259.39
71.94
77.58
121.04
215.16
172.42
283.03
30.16
309.75
159.71
297.16
313.87
11.90
41.78
101.99
189.09
85.66
151.97
160.06
270.36
54.04
279.14
296.66
65.61
17.98
150.08
95.73
106.36
41.33
4.75
0.39
325.51
307.05
168.68
179.22
222.60
170.70
1.28
281.48
294.48
299.34
39.76
91.58
112.92
123.76
180.73
273.71
63.70
34.95
12.92
267.95
162.77
225.18
41.37
65.29
14.92
33.86
85.99
301.45
211.68
184.48
148.71
188.13
58.92
303.93
31.87
173.22
122.93
8.66
52.96
1.27
225.53
209.05
121.71
48.94
66.37
136.62
179.56
211.10
311.69
180.54
250.76
280.08
186.95
139.90
156.20
26.00
225.73
28.78
88.01
299.27
314.15
249.79
130.03
86.23
44.96
81.13
250.05
14.22
40.02
140.01
159.54
28.06
114.28
230.96
238.93
95.72
148.99
208.00
302.97
184.96
202.61
174.35
25.55
176.68
156.42
111.88
92.21
216.65
11.07
179.45
35.56
205.11
147.92
133.66
13.73
236.83
49.80
94.43
193.23
35.73
38.28
125.78
81.40
179.54
261.92
198.73
316.93
209.60
182.01
300.87
88.66
25.76
326.92
292.93
227.94
316.89
58.77
260.25
229.31
234.75
4.96
304.19
227.94
186.08
276.59
193.30
120.86
86.42
177.52
113.51
306.62
294.81
28.50
315.49
162.63
160.75
324.54
243.02
45.70
91.77
160.68
183.62
313.34
106.72
302.30
126.76
202.34
127.97
55.69
181.89
220.37
220.53
196.25
190.61
73.54
132.84
127.13
263.66
45.42
279.56
214.75
205.00
144.52
244.32
95.57
208.74
20.27
219.45
296.14
136.07
190.46
150.01
254.39
85.45
43.64
33.02
84.36
218.64
40.65
71.45
155.25
262.14
301.97
201.60
256.40
250.93
55.96
314.89
283.62
312.83
292.77
37.44
286.06
77.14
8.78
43.71
170.77
93.62
182.73
163.07
180.95
274.74
297.84
187.90
151.20
41.00
240.62
280.27
294.30
97.62
254.65
4.69
211.94
36.46
311.30
92.92
194.77
211.34
95.59
69.92
193.49
114.31
313.56
107.03
198.57
62.81
293.41
231.29
31.77
63.64
123.67
14.11
321.13
42.17
6.64
60.25
40.95
218.04
155.23
228.39
252.83
245.04
137.52
163.93
254.31
156.44
13.88
24.49
30.95
94.93
205.01
97.53
133.63
230.12
142.09
139.62
97.31
136.49
173.84
85.88
285.70
17.76
228.14
10.07
86.05
101.47
30.85
0.74
287.58
262.08
277.47
127.69
273.96
128.53
57.68
181.24
157.33
96.09
86.59
13.66
122.47
221.80
161.25
165.48
227.32
44.66
68.70
1.51
137.56
241.95
228.38
248.18
75.35
315.75
154.15
275.84
166.03
102.01
193.61
294.24
118.34
279.45
42.62
115.87
26.56
167.98
148.00
67.60
297.72
117.88
151.59
292.85
181.73
225.94
161.19
92.72
116.55
58.47
312.01
101.74
157.17
292.23
144.49
99.41
28.33
139.76
143.36
168.29
278.58
317.78
82.51
293.81
245.33
181.90
125.00
217.95
172.80
97.25
305.84
212.83
243.23
289.73
87.04
326.44
259.04
38.32
166.19
77.10
272.76
249.89
35.96
81.37
4.22
169.63
29.44
54.99
290.95
115.79
38.11
242.40
151.47
9.02
32.67
59.03
243.99
14.31
144.21
18.66
74.35
274.81
193.03
74.94
63.39
157.32
27.10
121.56
87.28
214.53
229.77
39.99
30.76
74.99
298.86
124.14
192.38
53.45
82.67
253.89
200.58
19.93
264.39
285.11
178.05
43.65
143.70
28.39
191.52
282.36
303.54
300.80
86.18
45.39
218.95
146.16
1.79
54.82
34.26
228.04
64.94
296.41
169.93
281.61
210.15
106.02
121.26
301.19
262.54
92.24
268.10
230.90
251.70
89.05
193.48
298.44
106.57
275.84
279.66
36.21
11.51
314.14
79.21
96.12
245.81
33.70
229.75
314.59
148.44
121.82
99.30
100.06
273.06
122.76
224.52
170.36
166.20
65.29
90.46
243.30
93.49
76.17
314.13
227.40
129.82
37.79
108.01
171.73
23.19
201.34
69.12
295.68
129.32
226.20
186.51
289.84
273.31
178.38
163.75
191.81
112.05
303.36
141.35
62.16
147.55
157.03
68.16
108.90
83.64
135.92
66.69
124.00
229.64
92.35
41.32
208.25
22.22
41.59
218.96
9.38
24.30
268.23
215.84
88.18
161.36
268.22
286.01
16.10
226.69
59.67
51.43
96.00
3.11
22.25
7.86
326.28
117.62
176.57
123.02
223.37
321.26
306.48
166.19
4.16
242.58
197.18
17.75
189.54
290.28
81.34
10.24
130.85
216.54
238.52
205.03
56.97
225.79
167.65
294.25
262.51
174.18
210.14
15.44
68.82
106.18
145.12
129.93
8.64
295.03
255.70
248.07
35.78
101.23
43.27
105.84
159.72
41.84
88.66
248.30
238.55
158.69
271.03
204.81
87.57
61.44
171.16
269.39
241.18
287.16
112.72
56.13
265.63
194.27
148.58
270.56
203.15
224.53
33.33
211.66
78.93
146.41
110.35
66.73
102.37
130.50
256.48
186.20
98.58
202.54
89.44
174.65
146.08
9.32
202.43
143.23
301.37
13.80
94.39
78.46
75.77
156.44
97.11
0.19
132.42
47.99
18.44
140.72
315.41
7.84
164.41
213.11
83.46
131.68
81.07
277.66
47.54
307.08
23.28
308.47
199.07
326.99
163.75
313.69
81.80
70.39
255.77
77.43
98.42
210.97
5.74
49.26
29.94
146.34
247.63
155.65
184.87
161.99
260.10
25.04
273.18
262.92
165.95
22.70
111.29
65.65
150.02
33.25
202.25
47.69
192.41
302.17
71.51
27.76
245.11
291.40
266.61
88.86
289.05
187.63
2.96
145.20
199.68
35.65
296.40
88.31
168.83
152.34
304.68
317.79
300.22
87.13
322.96
4.57
126.35
112.50
138.80
101.04
268.65
216.45
293.29
253.84
107.30
252.83
196.62
238.36
236.33
153.64
317.21
313.46
293.39
254.72
98.90
302.01
284.61
311.30
136.05
315.54
253.75
203.77
260.87
307.14
190.08
255.05
107.05
60.06
267.14
227.55
29.76
73.12
29.99
164.00
98.68
35.06
227.55
174.27
287.11
264.16
9.48
38.39
229.21
183.95
65.36
315.58
29.86
194.11
165.90
259.01
171.67
24.60
45.52
124.12
37.53
259.72
277.90
221.38
302.02
120.04
287.59
41.20
190.65
155.10
307.08
287.81
102.96
313.34
162.85
8.66
270.76
76.11
61.28
175.83
49.40
297.20
189.99
7.74
309.82
327.50
45.86
9.09
94.23
224.53
203.41
311.22
161.46
315.46
225.86
98.51
324.90
49.23
20.10
138.19
259.95
202.73
303.84
108.92
186.54
218.69
311.35
281.85
290.35
310.78
202.38
232.90
203.48
113.46
74.72
207.74
29.43
235.39
96.09
111.72
301.25
132.36
209.10
108.19
63.77
296.84
320.76
90.99
299.31
214.10
85.55
48.51
91.17
82.02
176.52
223.57
281.01
38.22
221.29
137.26
48.37
304.25
212.69
296.42
185.27
250.08
243.16
82.08
132.77
116.58
129.79
226.17
258.40
122.25
5.07
97.19
46.00
36.58
163.30
167.88
72.35
172.17
254.91
213.52
80.57
324.56
50.63
9.44
41.51
233.14
229.40
285.07
117.70
58.19
169.09
217.66
195.19
187.79
41.30
36.26
140.56
180.10
257.13
103.88
137.94
87.10
322.29
133.34
297.01
32.98
306.54
62.69
197.71
310.41
104.57
19.86
184.05
161.48
20.98
247.09
157.38
128.01
150.15
53.02
303.21
239.89
117.75
267.74
157.14
236.74
258.98
76.46
116.24
317.56
229.86
243.81
163.29
93.84
58.75
0.08
237.69
139.27
289.75
256.46
297.23
206.82
327.10
93.22
244.90
144.86
151.64
170.84
58.47
204.50
258.82
7.93
297.16
216.14
74.10
154.58
46.25
225.82
180.77
137.15
10.60
103.11
96.71
254.05
281.42
55.86
211.66
64.54
159.32
218.87
276.86
11.66
43.95
268.83
109.77
4.54
321.44
181.65
148.29
90.21
208.86
135.33
308.46
317.23
6.81
19.35
22.86
5.93
216.51
157.99
207.38
81.12
317.17
104.20
203.35
162.50
162.81
60.58
272.92
294.46
240.53
145.46
73.38
321.35
145.15
94.93
83.70
236.15
31.66
189.06
13.57
79.20
140.79
95.00
185.22
93.64
209.85
19.83
245.71
41.73
90.10
210.28
217.29
27.19
106.11
243.15
209.38
89.25
184.50
41.84
195.27
258.25
219.66
130.65
109.47
304.64
48.58
113.04
30.09
215.66
191.66
94.52
47.09
303.97
93.06
104.36
236.06
16.60
260.60
270.47
10.58
246.38
123.40
78.45
222.11
22.47
301.02
124.83
71.36
246.54
119.36
107.57
64.55
108.00
50.05
68.60
129.21
155.86
236.25
269.78
190.95
282.01
194.14
163.40
190.04
39.81
27.98
30.72
285.70
38.51
56.10
179.02
193.06
41.06
168.66
287.72
38.86
42.40
74.46
19.72
42.82
283.42
119.16
212.09
99.70
251.77
227.79
191.38
173.65
161.47
258.32
30.54
286.03
47.13
302.23
15.93
25.22
292.54
286.76
243.10
291.99
40.09
36.10
146.53
327.32
249.86
129.32
226.62
273.09
318.42
124.74
208.55
18.87
268.75
59.19
156.11
325.14
42.94
153.28
85.96
253.10
44.76
43.83
17.78
168.21
34.31
11.05
265.64
87.76
194.10
278.76
301.58
18.20
158.06
200.05
256.60
244.46
150.62
287.70
113.18
25.01
27.25
54.51
326.92
191.59
35.91
193.58
242.12
243.03
73.89
97.32
4.90
19.49
276.53
228.38
45.03
151.18
39.78
13.79
225.57
226.69
279.27
119.90
268.01
16.10
129.78
107.08
275.38
72.58
96.38
321.95
11.78
166.40
240.01
9.14
20.66
66.99
165.76
172.36
291.31
143.99
210.00
218.06
210.98
77.04
109.03
188.04
99.88
26.37
115.77
235.67
202.03
260.33
191.99
304.98
50.63
315.20
276.29
186.69
306.96
236.72
204.67
289.13
160.90
63.73
317.75
21.32
256.58
103.38
20.64
24.40
298.97
124.12
244.94
233.36
321.91
16.25
197.36
5.46
16.34
46.02
242.86
161.55
183.90
303.97
323.69
69.27
59.43
95.10
191.59
100.40
137.97
148.14
29.79
297.46
317.75
199.64
205.17
11.16
45.64
73.00
38.06
157.45
106.77
84.93
228.38
76.08
293.27
52.24
305.78
142.16
130.16
267.81
2.24
146.72
170.32
114.48
174.92
9.98
223.14
306.92
53.36
52.47
220.66
170.46
201.28
178.71
85.93
206.86
103.00
113.77
47.43
45.06
92.33
47.44
58.16
61.07
138.34
221.83
90.91
41.71
290.67
127.82
295.83
227.19
214.15
106.14
170.62
73.38
321.46
120.16
316.87
68.83
295.29
134.48
34.46
308.88
130.08
143.52
226.15
178.90
140.28
23.94
276.43
58.02
149.95
204.53
15.30
220.29
208.81
50.52
18.58
138.36
100.61
198.68
214.22
248.07
316.43
169.81
204.43
203.80
120.50
116.34
289.83
270.50
296.32
325.40
52.10
210.18
302.37
126.04
34.82
14.72
46.70
306.88
102.01
119.67
269.55
207.04
14.42
208.11
274.43
140.17
62.61
137.47
103.98
314.49
87.98
132.14
2.92
27.40
301.56
170.44
4.44
93.99
265.29
296.33
19.11
163.87
101.18
145.82
313.42
111.65
293.13
74.09
135.60
104.43
214.49
207.02
274.25
12.17
265.85
130.86
98.16
300.76
219.55
131.26
106.00
158.55
293.83
141.87
206.50
239.01
174.44
262.69
170.16
199.74
212.94
319.21
9.96
58.93
19.53
28.84
178.34
136.89
317.97
194.52
321.00
84.19
3.70
266.41
79.33
283.67
170.94
227.96
26.64
229.67
168.53
181.27
4.02
120.68
71.84
17.50
149.97
269.02
201.05
83.80
251.34
303.74
276.53
317.45
88.17
306.98
310.59
69.22
4.43
289.53
255.65
18.97
117.53
145.75
180.45
213.43
19.91
98.11
288.18
216.63
7.15
166.96
254.26
318.29
115.24
314.25
146.90
287.75
295.17
124.56
114.28
189.39
301.50
327.36
118.56
74.81
1.33
108.73
177.34
118.58
318.80
53.17
98.90
306.57
278.86
76.09
155.05
260.65
195.59
221.65
39.40
274.87
242.98
240.08
176.35
214.73
193.66
248.45
107.24
303.75
49.22
27.79
312.60
121.29
138.64
243.16
230.92
163.54
80.71
190.67
143.67
325.47
102.33
273.32
14.52
311.15
176.29
204.87
3.43
262.21
142.78
160.93
3.57
58.43
210.35
136.14
300.00
167.62
85.44
139.06
42.87
205.09
58.28
88.22
221.69
45.98
0.61
74.90
296.59
305.95
258.25
183.61
88.41
152.38
66.46
208.32
15.70
75.03
92.45
93.78
139.43
41.57
145.38
129.15
278.36
11.55
296.87
85.00
17.60
115.60
56.58
253.02
217.86
264.50
241.48
302.75
260.53
99.23
217.39
225.21
172.61
29.80
66.50
261.04
228.26
14.09
31.75
150.71
289.72
101.34
238.30
174.90
4.08
46.81
251.80
63.02
152.51
56.23
163.11
203.84
42.51
294.27
137.56
253.15
87.34
232.44
118.56
227.92
202.93
58.39
228.11
164.91
217.77
306.69
277.06
156.19
134.82
294.71
238.60
116.58
214.92
43.26
97.76
112.30
31.70
39.91
274.93
278.16
71.83
247.60
53.29
169.55
115.31
253.16
123.34
181.11
263.54
320.21
120.66
290.70
160.68
325.47
219.42
71.34
309.60
275.27
279.13
144.97
45.30
36.85
36.54
173.21
326.71
14.82
66.11
112.80
11.51
79.86
119.79
158.31
0.90
118.53
139.99
201.73
314.46
166.42
228.72
129.78
222.08
216.85
279.52
150.05
255.76
288.69
142.42
173.07
172.02
190.33
45.59
62.97
207.14
218.53
177.95
111.40
23.92
263.11
139.27
270.54
70.60
194.87
111.28
121.48
78.36
318.06
196.39
79.66
73.32
177.50
105.30
243.26
267.97
72.18
227.56
7.65
292.73
288.63
40.41
94.50
30.70
112.12
133.00
288.52
222.65
148.62
196.68
100.82
190.13
185.35
241.48
239.37
18.68
54.79
11.06
309.18
289.24
317.64
251.71
125.33
146.22
71.42
152.21
61.45
224.99
169.18
180.85
280.21
86.40
307.45
48.81
166.58
285.40
233.99
43.20
104.26
32.08
88.32
46.41
34.69
244.62
294.89
225.30
215.85
3.32
281.79
0.67
258.79
137.31
49.50
263.46
220.43
314.67
257.88
205.35
158.53
90.98
268.56
283.78
288.78
117.17
296.57
67.56
116.13
199.26
227.06
189.40
318.59
241.26
268.12
100.67
185.07
108.44
255.17
199.30
283.90
182.39
156.59
26.10
214.21
283.45
234.36
117.47
134.01
42.76
132.80
192.82
176.80
37.85
264.17
281.41
224.80
220.31
176.73
88.73
48.81
192.49
223.25
257.74
316.54
155.56
232.41
169.76
219.89
204.39
190.44
200.34
87.11
68.59
239.89
125.50
142.90
251.89
87.66
283.28
177.81
115.53
44.40
134.84
137.47
83.93
182.96
174.77
167.07
241.35
165.60
196.56
121.51
204.08
159.93
190.39
25.89
73.61
150.23
156.18
185.95
146.30
30.37
193.63
139.50
167.92
78.67
101.53
63.47
68.63
268.69
175.68
223.27
17.53
310.22
143.83
112.93
93.94
185.01
220.90
81.75
36.04
122.47
239.76
214.63
19.36
107.57
185.52
244.78
304.30
159.91
54.56
181.24
49.78
165.44
72.70
187.05
13.59
172.20
176.66
45.79
261.44
259.12
120.83
29.21
226.61
234.02
96.66
226.80
106.67
235.85
277.48
150.04
125.75
203.57
159.23
259.77
253.16
269.77
41.91
20.34
183.71
41.36
279.37
27.30
204.50
136.22
314.73
190.81
132.08
6.01
10.17
210.89
221.44
1.44
45.53
224.81
247.80
71.86
290.04
326.18
7.32
106.42
130.51
112.81
59.04
206.74
315.68
239.72
55.94
0.22
142.06
253.13
41.19
199.14
26.55
252.19
91.19
271.74
14.54
326.85
77.06
17.93
8.86
75.64
169.18
226.60
132.58
15.93
251.75
49.12
129.83
309.40
182.86
28.50
149.67
253.67
50.06
226.78
178.95
188.50
62.98
96.43
141.40
92.66
216.34
24.06
222.57
124.48
20.00
51.12
161.31
3.27
67.82
287.40
16.33
191.18
171.63
160.28
165.42
134.15
91.66
32.75
97.06
125.98
211.29
39.29
305.28
88.22
323.21
0.10
294.09
191.29
100.61
178.32
279.04
214.23
75.98
186.90
247.67
274.65
147.50
69.65
34.18
153.89
6.19
207.78
296.02
176.77
142.14
144.32
183.50
215.39
286.31
186.68
109.57
104.32
172.36
309.10
168.30
2.46
130.10
215.41
315.24
56.82
169.23
326.62
67.08
197.42
307.84
17.05
229.61
73.65
148.97
72.68
151.30
289.21
131.94
124.76
220.50
30.57
168.16
326.01
154.56
110.63
54.05
316.42
177.36
296.34
319.92
158.33
221.06
269.74
43.29
220.00
316.41
300.37
115.63
99.79
256.63
164.56
299.23
123.84
60.63
254.38
201.44
266.37
303.79
134.73
39.71
25.61
237.51
129.64
183.53
2.70
302.37
213.53
261.82
196.77
74.91
149.79
98.85
23.54
218.82
67.76
317.89
313.45
136.08
177.69
288.38
172.50
216.41
125.33
103.01
102.89
52.81
290.18
0.67
6.97
211.09
286.37
317.41
194.57
231.62
246.85
296.16
243.27
123.66
149.79
148.43
227.17
324.22
146.68
111.13
146.74
172.88
99.94
236.23
109.30
32.58
306.48
227.07
41.76
226.50
304.44
109.98
174.43
282.71
33.30
71.88
94.54
176.32
244.39
252.49
229.81
179.56
206.27
132.69
283.65
26.49
87.79
273.63
120.99
228.73
164.85
149.83
247.68
22.82
301.73
73.90
173.39
28.69
44.88
300.75
320.79
167.62
158.63
65.83
200.30
263.69
42.54
131.28
151.59
103.24
51.73
125.66
26.44
150.19
210.87
149.22
148.23
19.60
83.30
224.39
216.22
167.08
133.34
182.05
179.24
291.94
168.25
116.75
57.78
239.39
112.98
69.50
117.50
176.49
15.00
54.16
11.63
256.63
272.54
69.22
261.37
151.61
294.09
227.88
104.23
304.57
187.13
320.52
322.21
40.01
79.43
253.26
164.79
282.40
32.39
21.32
255.11
121.10
65.02
5.50
266.89
216.42
299.02
250.51
311.34
318.15
88.04
168.80
64.17
286.90
73.77
277.76
312.62
81.83
133.77
205.01
296.84
240.52
112.73
140.14
113.20
280.78
234.36
295.37
243.24
154.59
221.11
310.59
266.72
217.92
244.91
46.46
291.36
259.08
114.75
96.66
276.45
258.28
151.91
186.15
127.61
144.32
158.65
12.34
327.17
237.98
258.86
40.79
79.57
303.42
16.54
258.69
272.63
207.90
265.91
296.08
42.07
111.10
126.79
228.51
138.63
235.27
192.81
228.52
246.45
103.43
106.19
17.96
175.49
246.24
195.81
220.55
268.57
38.59
307.72
13.21
132.30
237.10
261.75
56.90
207.69
275.42
306.34
190.20
46.66
198.73
106.97
210.98
104.08
243.86
210.95
110.83
256.20
82.02
264.01
223.11
216.74
233.09
215.16
270.81
304.22
132.04
96.30
68.86
195.31
271.53
25.07
211.65
16.10
279.92
277.58
257.59
95.05
30.83
130.35
278.09
125.30
231.26
233.14
5.91
285.97
81.57
3.27
139.72
154.88
250.75
45.76
39.59
256.06
240.77
107.03
302.64
108.47
21.66
272.65
193.56
240.71
254.12
176.70
57.65
72.08
167.78
1.13
1.97
107.80
191.51
326.42
56.84
20.93
211.83
24.34
312.33
86.08
228.17
67.67
16.05
158.59
179.29
323.45
25.26
59.86
139.03
153.72
62.66
150.24
277.11
48.47
84.34
51.55
144.82
41.40
158.34
199.21
285.74
325.29
297.82
253.70
160.73
145.19
218.06
34.46
302.75
58.57
133.49
282.73
69.01
36.22
270.15
68.99
216.84
131.39
209.94
275.89
32.59
122.99
1.82
141.61
205.68
273.12
224.15
226.97
194.29
259.91
311.87
101.87
291.78
64.22
197.03
182.12
89.29
199.21
316.71
272.18
266.98
145.82
121.34
312.78
64.64
247.58
295.70
148.58
313.24
29.65
306.03
210.47
118.33
161.47
89.81
255.47
25.99
44.92
123.17
24.64
89.96
213.41
162.81
272.96
99.92
213.20
72.50
167.04
220.15
169.22
81.82
318.19
123.48
311.14
282.65
237.77
112.44
108.53
315.81
137.59
18.97
138.00
36.18
122.25
29.93
139.33
142.71
142.44
212.70
315.63
284.81
309.93
266.79
317.35
185.15
27.75
207.82
16.47
307.35
124.09
233.07
114.80
71.88
217.36
147.22
139.25
306.81
88.49
201.92
60.12
72.33
237.06
123.55
135.88
116.31
239.13
148.59
305.62
150.67
241.67
185.72
285.96
239.73
279.07
268.85
55.33
43.94
125.37
58.46
244.02
311.90
265.80
227.65
146.76
36.41
147.69
213.78
85.27
221.08
192.71
87.08
266.90
136.53
125.80
34.11
245.45
289.53
102.97
292.31
305.20
277.94
142.33
276.33
27.04
184.17
80.62
60.08
272.86
233.66
147.33
6.15
242.50
162.05
118.67
67.98
99.42
226.67
92.63
127.09
164.00
62.98
192.10
269.44
289.29
270.74
271.08
69.11
248.55
309.21
207.93
43.57
161.83
207.47
222.12
88.76
152.71
324.61
160.11
24.23
228.28
112.14
135.95
5.85
228.95
271.67
161.49
37.96
185.97
85.01
168.73
274.75
277.59
207.97
25.30
31.96
66.55
83.67
290.27
147.68
142.05
266.62
34.40
60.06
278.17
123.99
8.79
138.63
181.13
222.39
276.96
309.55
214.13
194.34
266.68
268.51
307.77
81.78
186.98
186.00
15.47
210.85
298.00
317.33
215.58
58.66
255.59
60.48
244.54
13.49
261.51
117.27
137.88
263.29
15.10
108.56
125.00
58.61
146.27
214.49
173.18
104.50
159.91
173.38
246.50
186.28
192.71
278.07
143.04
26.71
284.83
324.99
231.18
67.00
207.86
171.37
310.19
10.99
104.82
149.96
209.56
17.07
68.42
81.30
7.64
83.29
224.35
48.04
207.38
216.54
100.87
33.22
77.09
208.12
162.32
275.97
64.99
295.69
28.04
102.12
269.23
223.33
186.31
32.27
216.87
273.37
86.57
9.45
125.67
143.44
74.82
187.52
54.49
225.38
55.40
71.55
65.65
176.31
50.40
157.31
98.49
321.69
127.39
223.06
56.16
125.33
279.14
59.00
115.76
249.08
19.79
64.27
125.15
143.40
247.34
288.10
62.86
313.24
255.49
260.11
96.65
217.05
309.04
152.45
251.11
288.10
44.59
48.08
185.91
19.22
161.48
151.96
78.09
272.07
286.07
29.85
161.01
113.83
146.93
39.35
240.80
274.67
220.53
88.74
20.00
251.98
137.77
198.78
238.35
171.67
186.04
297.21
217.47
3.09
264.82
116.17
11.64
28.98
318.97
226.99
129.77
82.20
212.07
167.42
149.48
139.76
114.92
266.16
1.97
113.83
26.89
170.71
5.65
119.42
160.57
28.10
150.34
41.29
152.07
273.53
280.69
7.76
138.16
78.26
42.11
266.12
24.18
242.30
237.94
101.23
311.57
97.31
201.33
190.26
153.62
103.63
39.44
170.91
268.09
34.45
59.75
75.84
149.51
171.22
10.05
32.06
158.71
318.59
272.41
324.53
226.32
130.65
106.14
154.71
177.20
144.46
322.66
142.55
293.76
131.22
244.63
21.40
243.92
59.44
264.33
178.70
234.51
280.34
181.35
130.41
222.15
3.93
47.09
288.23
59.18
178.90
249.61
107.71
11.52
14.05
29.81
286.75
265.89
136.00
9.80
136.77
173.97
309.96
60.16
89.74
111.06
130.87
52.92
135.50
142.97
114.42
69.90
220.72
17.09
126.42
76.71
284.89
242.12
116.76
219.41
66.63
252.62
96.21
115.77
287.88
304.03
62.73
264.21
106.27
145.41
92.21
10.32
307.62
132.38
317.26
109.09
247.60
121.30
25.95
62.88
308.25
168.80
191.60
239.55
172.07
15.97
145.97
261.29
92.04
70.82
243.43
64.17
47.58
212.80
245.49
34.20
32.82
116.01
30.45
66.26
299.32
36.48
221.76
177.54
211.97
189.47
164.83
228.25
110.94
283.59
21.04
70.45
250.76
286.94
148.68
299.14
226.44
59.73
279.86
11.32
166.65
239.53
182.72
266.87
222.52
47.31
58.17
154.12
287.56
298.72
66.75
52.36
81.66
79.98
183.93
304.81
223.98
287.72
107.15
63.79
167.83
198.66
85.17
250.41
175.91
268.33
99.33
317.21
260.07
273.88
233.45
292.66
314.57
101.91
317.13
89.67
265.46
160.71
40.88
20.55
205.15
198.18
249.45
70.91
317.71
58.40
57.84
236.71
236.55
175.06
327.02
132.28
261.24
91.86
279.53
173.41
142.99
17.08
85.56
249.69
159.43
97.87
131.94
156.25
188.04
127.82
302.09
320.51
188.32
271.48
137.08
212.78
95.74
276.55
257.05
185.34
243.68
51.17
14.77
196.66
316.61
60.20
280.21
182.28
244.36
157.83
102.14
116.65
57.68
225.72
77.67
267.54
148.92
251.13
192.69
14.98
268.73
264.86
49.03
323.93
13.25
67.39
54.68
50.57
115.90
146.05
24.02
18.79
89.12
107.02
318.16
131.63
49.87
284.99
6.14
177.39
308.32
232.82
126.19
80.85
327.41
81.55
301.99
101.40
135.51
111.66
69.87
5.25
229.36
266.05
53.09
7.23
100.34
188.51
249.12
215.59
268.59
207.42
68.52
64.76
93.77
243.93
12.89
39.78
179.11
13.66
127.94
296.25
326.80
122.34
34.00
117.93
222.99
215.68
257.80
24.63
36.40
9.78
165.14
314.66
244.43
17.57
82.34
148.07
164.54
261.17
284.96
130.02
75.48
11.45
181.66
48.78
179.95
121.52
202.09
298.15
310.49
181.97
214.01
277.17
183.71
256.55
255.41
3.32
172.33
81.63
28.07
197.94
106.70
245.10
316.99
198.97
7.11
194.05
160.86
100.78
258.74
208.64
146.60
250.24
215.37
225.11
82.90
239.09
280.23
24.03
114.94
24.25
224.26
220.40
88.76
73.53
100.90
51.85
1.70
219.03
122.08
249.09
279.42
14.06
284.10
103.45
128.38
275.85
40.07
292.54
241.05
90.07
118.38
251.16
238.28
100.82
230.44
10.07
75.35
135.92
9.73
204.97
55.85
25.21
202.42
20.24
160.25
181.39
310.44
204.65
214.71
315.22
192.96
110.13
296.11
63.79
188.84
150.67
277.48
231.15
56.97
270.87
203.63
228.04
144.49
250.57
73.37
240.56
164.58
299.53
62.77
109.93
304.52
231.78
93.71
176.32
45.68
261.24
109.54
1.16
71.62
69.90
290.05
220.93
24.40
172.99
273.72
169.93
106.75
266.53
223.87
129.59
273.25
220.00
185.32
186.43
92.99
38.00
240.41
296.42
235.82
193.73
204.92
91.42
144.85
296.54
61.86
76.35
56.53
117.88
201.33
131.31
292.35
282.56
43.14
244.08
85.29
96.00
8.51
42.64
6.23
300.06
174.69
87.09
95.40
36.33
251.16
179.73
57.73
69.20
109.41
274.23
180.86
236.76
262.20
225.76
159.59
232.94
213.52
30.69
56.16
208.49
301.00
74.66
252.40
136.16
36.95
88.42
35.54
325.95
208.06
262.47
193.61
69.58
101.53
270.77
87.02
77.07
66.83
309.78
142.79
113.86
125.57
231.05
238.18
122.77
251.02
217.99
4.83
171.61
238.68
68.21
39.86
301.45
202.22
204.39
224.80
204.21
271.25
164.28
36.84
132.04
197.59
314.32
2.41
18.06
68.14
243.58
2.74
177.17
209.37
238.10
134.80
238.60
170.90
275.10
164.99
6.73
116.08
315.87
2.24
212.47
247.17
268.98
176.98
298.31
282.35
125.71
165.16
46.48
182.58
277.82
97.26
227.32
213.65
225.77
87.10
230.05
230.46
275.05
98.96
304.71
201.11
168.92
158.33
151.68
219.54
238.15
220.25
176.70
58.11
326.83
156.07
97.04
113.33
108.93
155.61
233.68
191.70
314.22
39.32
175.03
282.72
286.40
71.29
147.22
93.44
239.47
129.37
104.03
181.20
30.55
150.82
233.22
148.03
193.86
20.50
185.98
10.15
3.16
181.63
70.86
206.16
273.36
153.12
191.49
131.31
98.22
165.59
275.34
164.29
149.84
151.03
88.20
192.53
98.58
315.16
215.66
257.84
157.73
148.81
318.48
260.60
209.65
107.50
197.01
84.46
291.86
194.02
315.96
28.88
159.64
0.90
243.53
289.89
65.31
18.10
175.89
32.07
142.85
243.15
68.80
34.75
210.57
158.94
236.62
280.43
1.79
48.48
234.32
73.01
325.61
175.27
210.45
245.70
252.46
92.28
235.85
300.73
1.57
178.81
157.72
198.68
37.61
131.57
71.41
295.00
155.22
113.65
27.29
294.09
200.02
270.94
48.07
221.40
306.40
59.60
57.18
23.93
7.01
303.33
138.01
144.15
320.13
248.82
69.29
5.70
305.61
74.85
194.92
32.43
59.71
140.40
279.65
207.01
1.29
218.21
47.40
135.47
227.65
157.31
19.68
177.29
278.12
305.67
124.90
87.84
134.70
187.50
266.75
303.43
176.38
319.78
322.32
21.74
261.06
92.11
153.65
157.32
239.25
198.96
52.56
81.87
107.31
254.55
236.40
161.14
138.45
79.45
142.14
309.00
182.22
204.49
68.66
16.79
109.08
250.47
16.49
236.72
263.23
232.00
240.77
125.40
295.59
167.36
5.26
167.62
155.52
93.38
36.08
98.72
302.43
127.10
247.88
196.67
0.47
51.89
207.24
260.51
260.37
35.70
131.69
258.54
133.55
320.90
59.11
239.87
131.38
182.53
228.52
215.94
164.07
220.37
307.01
226.90
201.51
89.66
176.33
316.59
225.67
323.42
241.46
303.26
140.03
23.51
42.41
52.74
137.97
56.35
13.05
141.36
229.52
253.76
252.95
10.72
83.65
254.76
172.88
55.25
179.34
25.46
89.08
157.11
179.70
190.13
107.14
126.40
109.92
176.69
319.79
131.78
253.35
207.92
280.91
25.74
103.49
226.50
141.50
237.35
150.62
146.72
99.35
187.45
287.28
91.46
220.55
175.88
249.56
92.23
233.40
74.54
138.48
204.61
42.40
120.15
212.27
189.05
235.16
89.90
287.76
37.16
53.00
187.65
235.43
165.83
290.20
251.53
267.76
265.44
72.91
283.08
211.94
212.05
225.59
219.34
70.83
63.76
209.94
309.61
80.32
257.40
33.40
18.44
273.19
8.71
10.48
93.31
51.31
275.13
271.31
147.88
70.17
109.24
109.46
3.97
56.16
298.68
46.68
92.05
103.66
171.44
152.89
306.16
55.13
151.62
120.48
149.75
251.62
204.36
201.99
223.51
223.05
201.55
317.90
27.52
243.73
211.28
48.45
320.81
29.07
188.92
92.80
95.31
154.17
22.12
45.11
11.87
142.51
62.86
280.03
61.63
116.21
149.71
175.42
23.47
283.78
202.62
137.39
311.24
241.57
65.63
310.70
312.86
229.18
41.55
162.84
6.83
89.20
121.51
16.86
319.87
37.44
8.91
201.46
146.97
304.96
234.45
204.35
243.09
153.41
235.74
50.82
111.40
206.30
251.85
67.65
63.25
78.14
284.81
271.27
145.49
159.16
29.44
127.83
245.90
192.89
232.21
251.82
281.23
227.61
205.73
237.07
191.35
183.41
151.49
85.37
282.15
11.28
68.23
81.64
2.37
290.57
294.20
27.28
284.62
326.01
48.17
217.47
326.70
144.22
0.52
158.68
169.39
174.06
324.01
33.63
274.55
95.68
255.52
254.66
284.74
145.11
121.29
180.53
292.15
133.61
60.27
184.94
244.61
123.75
2.57
287.64
161.14
315.34
53.03
191.57
61.39
150.94
266.11
162.90
315.67
92.31
273.03
60.82
8.92
179.49
40.94
213.77
251.37
134.12
259.09
138.18
198.87
34.44
27.32
107.15
252.10
97.39
172.13
254.48
197.96
233.51
35.32
255.39
208.43
204.11
320.31
167.46
324.66
63.24
168.80
230.41
115.66
75.48
69.77
208.18
37.62
119.83
84.32
4.02
284.93
64.44
73.07
166.13
297.29
139.50
257.01
82.29
284.72
171.48
278.82
17.59
70.26
310.54
10.71
206.39
216.98
148.33
275.98
203.34
83.46
168.60
176.48
224.24
68.20
134.12
6.83
145.15
65.79
318.37
221.59
183.96
84.41
185.62
193.23
243.88
290.50
100.07
6.93
304.44
204.16
12.28
182.34
150.20
209.45
48.37
274.75
167.62
187.82
226.80
93.21
189.21
77.41
296.22
228.10
81.76
115.46
195.98
55.17
40.77
323.61
166.55
66.58
27.93
270.38
28.60
142.53
246.06
308.81
262.45
286.12
122.14
80.60
146.59
22.63
314.46
72.55
174.75
36.80
299.15
50.31
78.00
283.15
312.04
155.22
326.50
109.03
201.12
127.90
76.19
195.97
33.37
150.34
90.04
62.58
254.09
81.01
322.43
109.52
16.59
247.02
41.12
311.61
0.14
240.19
5.52
277.50
141.81
191.82
157.94
318.69
238.83
317.49
210.80
56.41
72.69
257.77
191.04
106.39
130.56
232.01
132.59
93.02
230.54
288.16
238.06
171.58
75.30
321.16
45.11
293.01
24.04
92.09
212.50
129.89
208.57
282.05
218.29
124.34
216.02
208.61
172.72
22.58
85.29
120.00
38.41
272.30
252.07
90.42
200.31
26.01
206.81
154.92
282.70
75.66
53.80
260.66
155.63
201.99
148.30
85.65
28.08
246.67
50.87
250.82
293.45
289.19
167.69
61.30
318.40
61.44
107.08
184.12
117.42
190.80
70.29
155.20
172.12
161.92
289.59
106.05
60.65
175.49
244.34
207.42
3.72
155.82
204.67
11.28
94.36
136.28
279.89
35.99
7.09
189.79
176.55
239.13
179.75
201.12
86.21
16.75
54.42
269.71
9.63
271.71
269.24
73.67
231.03
65.73
127.51
277.36
249.35
194.34
184.92
53.48
190.75
300.94
298.60
27.97
43.24
230.97
29.37
131.02
82.29
106.65
260.64
24.20
122.09
320.46
146.02
106.71
305.97
187.82
45.31
284.89
87.60
61.53
301.22
78.62
82.48
77.92
290.58
197.89
164.70
9.45
54.17
315.74
126.77
275.26
91.59
52.20
209.58
64.47
314.65
189.17
283.92
160.45
299.19
317.35
233.19
195.05
190.42
93.41
318.90
214.60
142.03
308.34
146.49
218.96
265.28
131.82
255.75
18.71
279.35
168.39
38.28
280.75
183.68
153.70
266.23
226.13
160.37
271.14
2.34
59.37
44.70
160.08
107.89
316.18
175.95
8.51
169.44
310.67
34.65
95.06
77.71
320.86
82.89
224.00
288.81
190.79
264.53
5.82
204.36
298.75
254.52
116.32
169.70
191.34
156.88
243.61
300.73
177.63
186.94
82.32
0.15
200.08
3.58
67.19
221.17
293.28
159.16
13.29
215.08
224.18
106.94
219.57
323.61
3.30
148.94
253.68
258.61
171.35
125.62
302.63
170.32
273.97
264.19
307.01
172.47
327.23
263.79
125.06
54.99
82.16
68.34
204.21
95.57
235.46
43.54
108.04
113.11
67.19
76.74
274.49
295.96
239.99
231.36
93.58
292.50
325.37
180.90
301.80
96.95
119.42
54.07
159.93
201.06
211.63
243.78
33.05
284.76
55.87
190.23
167.10
142.22
148.12
244.32
54.82
150.44
6.56
68.02
326.52
61.55
197.03
299.32
89.78
307.19
99.31
283.20
173.18
8.80
312.76
234.53
283.00
141.82
85.97
306.60
200.19
149.46
307.35
16.10
235.62
58.63
147.56
0.93
257.48
325.69
184.55
58.98
45.43
323.57
101.94
31.66
285.30
149.77
187.20
101.87
77.81
113.17
290.84
188.94
105.49
285.39
230.18
252.95
122.16
45.14
214.12
208.09
236.94
1.53
29.67
274.34
227.76
326.18
154.08
139.49
130.37
174.13
256.49
54.46
269.87
87.67
219.28
267.97
48.76
266.50
125.78
285.11
212.09
202.95
84.76
253.94
39.38
102.17
270.66
66.64
82.07
83.48
83.80
117.65
257.77
204.06
86.21
288.36
315.80
250.37
47.01
117.66
21.69
44.73
29.62
4.93
176.87
195.46
148.43
178.65
183.06
105.89
29.17
226.40
148.71
51.80
154.09
179.39
297.82
210.60
227.90
48.79
108.09
174.99
22.43
117.93
96.68
26.25
129.84
198.38
160.94
274.14
217.81
153.78
13.75
100.13
80.98
227.27
208.42
58.23
99.05
199.60
117.73
150.59
169.78
173.50
209.34
87.32
281.01
45.39
67.13
184.51
151.57
132.29
155.83
207.11
121.95
15.09
89.45
181.15
69.44
32.01
89.97
154.39
167.03
189.67
35.28
308.41
260.58
270.35
161.41
39.57
45.32
162.59
111.73
33.30
92.95
261.52
70.55
51.04
12.15
310.88
18.42
58.55
19.67
137.38
191.13
36.57
238.74
321.85
90.54
204.19
69.88
31.89
112.26
272.63
142.75
218.38
189.07
115.42
19.04
225.79
170.63
144.68
53.54
278.26
270.41
175.24
255.41
185.28
74.50
309.11
297.03
175.31
13.85
0.47
66.19
99.34
190.06
144.72
321.38
291.41
128.51
91.61
224.38
0.34
247.40
324.31
157.53
284.15
96.65
83.15
46.06
72.53
53.45
20.37
282.21
153.08
217.86
147.69
59.17
182.28
245.90
213.93
211.25
200.04
89.67
311.15
125.79
268.48
138.95
326.84
82.89
211.20
78.33
300.45
226.77
282.39
197.56
301.82
316.08
154.74
208.97
251.36
304.26
4.58
292.83
265.75
326.60
100.11
79.91
310.39
145.25
49.73
292.04
70.22
233.29
14.58
128.52
113.87
289.10
127.14
34.35
19.82
311.53
92.20
316.72
110.16
26.89
127.42
2.82
166.84
159.94
304.46
168.04
137.58
29.26
103.29
71.24
138.50
201.82
155.89
156.49
173.20
99.99
127.55
258.11
151.99
278.43
282.71
187.11
303.44
247.41
28.02
210.75
268.21
249.29
324.23
83.75
244.01
158.26
310.53
41.17
178.01
305.82
275.81
117.62
47.80
23.36
9.72
219.81
176.31
15.17
80.51
266.23
34.44
93.37
315.33
199.56
47.15
26.43
80.97
168.57
269.37
275.66
211.21
29.82
119.77
213.37
37.62
104.30
247.69
99.69
183.49
45.49
235.58
151.89
317.81
47.86
93.46
34.18
235.30
269.17
230.77
293.76
12.93
74.18
325.53
223.73
72.37
182.06
295.95
232.25
175.53
150.09
189.67
249.46
148.79
174.21
229.95
285.45
52.29
294.31
127.66
241.32
296.14
86.59
209.06
171.49
75.35
123.01
191.45
65.31
195.78
87.89
122.76
18.47
143.30
74.82
300.33
190.02
56.01
281.54
97.18
104.61
73.03
55.28
47.77
300.41
183.23
26.08
240.41
311.69
256.31
88.40
23.55
246.28
102.63
245.51
264.94
274.79
227.54
26.02
64.08
48.66
177.33
210.12
297.80
228.42
57.64
281.34
1.15
274.88
155.62
256.47
257.32
255.11
314.34
309.50
287.91
160.76
216.71
288.54
89.82
230.41
261.29
78.33
208.05
33.70
255.22
285.84
211.28
136.43
194.00
269.30
222.15
172.17
25.79
197.23
187.66
88.81
48.49
225.66
258.80
33.91
147.92
203.26
241.41
76.80
180.84
201.46
176.73
146.41
38.73
36.56
13.75
72.09
57.72
46.91
103.98
106.36
310.45
309.11
153.14
178.58
100.87
228.60
326.54
224.39
129.71
276.17
176.41
167.72
131.94
269.16
71.11
261.75
24.66
228.55
139.14
37.90
315.79
177.00
97.04
173.93
309.22
321.41
217.10
287.05
14.94
278.69
250.29
240.03
39.93
99.39
164.84
260.18
125.53
109.13
171.26
249.88
109.67
28.79
289.74
142.36
47.59
291.89
207.44
42.96
320.34
121.53
9.46
43.47
102.96
200.70
237.07
88.21
264.74
238.54
218.66
107.05
225.83
249.28
8.34
138.80
85.66
106.37
289.96
4.69
168.84
290.16
11.10
221.52
128.93
30.21
194.91
109.75
241.60
20.36
259.55
28.82
146.06
9.33
208.29
90.69
288.03
83.49
262.82
317.80
12.25
204.34
161.87
166.73
179.13
263.72
183.34
90.42
321.63
134.61
213.72
110.73
182.88
14.34
233.99
40.52
238.14
210.42
183.86
259.10
228.28
10.47
280.01
143.57
138.71
29.30
77.80
268.94
29.48
138.12
301.10
236.53
201.42
317.78
159.46
209.86
70.11
145.76
75.20
310.96
181.54
326.58
245.96
58.40
170.95
9.11
50.23
191.74
47.62
181.99
190.11
216.41
228.53
9.18
126.81
239.77
167.17
1.37
240.14
104.36
175.39
196.01
284.13
129.62
58.59
32.69
293.42
72.34
145.24
220.93
100.00
289.48
297.13
179.65
10.42
75.29
187.51
192.94
114.01
105.35
38.09
223.07
116.45
27.53
186.73
265.22
118.76
98.30
315.36
83.37
303.71
198.33
314.31
262.68
277.30
210.58
8.14
123.88
287.35
9.95
46.85
5.78
151.58
98.69
204.49
184.45
83.20
153.47
10.58
3.04
229.54
122.87
249.95
294.39
162.64
158.12
98.49
218.35
52.40
83.73
226.87
115.71
173.87
261.32
86.01
190.06
151.38
293.57
34.16
65.67
161.82
42.91
123.82
174.00
256.91
67.31
310.10
186.50
26.61
49.52
124.70
33.72
6.52
186.47
283.27
39.22
170.04
183.00
10.61
137.76
185.12
161.24
88.03
276.71
52.95
95.97
164.49
4.14
237.99
121.06
8.09
325.65
234.34
283.64
120.86
262.63
248.38
124.70
252.44
41.58
27.62
267.51
82.60
70.35
170.78
166.61
280.86
94.13
276.97
96.80
21.08
139.06
252.01
224.36
300.20
99.56
112.55
252.44
291.91
232.70
18.80
19.23
16.40
70.95
136.35
281.32
161.59
310.46
91.52
128.54
212.70
271.03
242.46
92.96
143.55
72.36
270.56
189.79
272.88
122.88
263.36
313.99
279.12
184.24
121.33
94.94
169.06
110.75
165.85
62.33
261.62
266.83
91.66
242.55
32.95
117.32
123.94
5.01
93.11
202.69
212.64
192.51
259.46
95.73
141.29
214.27
290.37
173.28
314.91
310.79
176.85
127.14
206.09
30.51
2.07
81.71
122.11
178.49
198.37
191.63
323.03
260.12
245.88
327.11
204.48
318.47
246.60
307.73
94.78
171.26
141.43
326.29
188.14
30.93
20.94
57.53
146.60
101.28
229.36
25.35
118.30
185.07
125.32
118.83
151.30
172.83
96.90
141.62
61.15
153.48
123.89
233.81
8.16
34.05
140.43
152.82
238.30
30.41
78.24
167.70
243.51
278.07
256.07
259.26
55.22
269.48
323.47
53.15
322.45
299.03
45.73
110.24
283.69
51.73
138.23
120.13
114.45
121.19
211.05
192.86
206.05
282.09
224.09
139.12
253.00
302.92
219.92
312.68
207.28
73.18
146.83
216.02
78.70
243.28
110.07
81.35
311.89
151.44
242.33
317.22
46.86
134.00
203.56
100.67
236.44
78.23
122.84
163.41
80.25
3.35
43.15
238.39
302.18
99.43
9.46
147.33
92.52
111.61
154.83
238.76
258.71
86.86
303.32
326.37
61.21
76.89
83.03
46.41
278.54
159.13
50.87
111.59
305.51
7.87
235.09
171.13
190.40
32.64
201.48
291.34
2.71
39.23
326.10
127.56
228.02
51.98
188.56
180.75
169.35
235.56
322.20
192.58
17.62
295.22
286.05
55.00
293.55
208.74
278.06
254.67
64.06
47.84
237.51
19.05
87.27
86.81
51.44
14.82
164.85
266.72
56.15
229.10
132.78
213.23
205.56
211.49
322.83
186.85
46.59
171.96
112.38
231.66
167.22
282.07
225.21
194.96
48.36
279.11
192.09
177.79
194.13
325.10
238.11
156.51
194.95
304.97
316.38
301.44
270.28
154.38
312.17
77.51
239.25
39.81
35.34
274.23
189.14
32.35
75.99
151.82
66.83
63.73
175.11
76.61
169.34
133.87
117.41
194.17
86.34
247.73
125.57
270.52
36.76
50.74
192.79
97.08
186.32
261.90
247.96
19.22
249.78
303.47
262.54
1.09
207.49
124.52
227.59
63.27
180.28
289.42
93.01
178.32
292.23
136.80
252.68
166.99
203.85
204.05
46.29
301.58
128.07
203.19
104.30
210.21
62.67
54.06
108.66
65.13
34.42
175.69
89.46
10.45
54.66
22.20
106.91
174.18
288.01
239.15
212.98
168.91
133.62
217.66
129.50
98.43
325.45
26.77
209.49
8.46
197.20
139.74
169.37
126.54
116.67
70.36
107.88
139.99
252.10
148.58
299.38
184.60
104.76
14.73
17.59
154.59
128.52
27.75
69.36
6.46
39.91
149.85
119.58
288.84
54.99
209.14
74.16
0.24
311.83
34.83
206.88
181.92
127.10
89.81
121.94
189.76
210.29
112.05
85.20
295.12
308.80
321.92
228.73
180.04
322.56
85.36
178.35
95.54
310.80
228.37
179.42
146.65
220.40
288.39
44.75
212.88
1.45
174.66
276.53
227.81
284.09
144.75
47.83
49.67
22.42
49.55
0.07
284.94
126.79
273.62
282.09
20.01
315.42
80.37
148.94
32.00
172.68
48.75
31.67
224.76
164.45
51.01
272.04
188.75
163.31
113.72
55.14
150.73
81.22
199.11
236.21
70.51
162.33
22.85
159.94
49.25
290.91
188.31
32.96
134.07
126.71
182.98
258.31
61.95
78.12
87.40
117.70
304.74
10.41
231.72
317.45
42.80
286.68
79.75
315.31
310.45
72.90
78.09
186.66
76.53
126.07
213.77
241.27
56.74
81.66
1.04
284.71
54.97
80.82
194.18
255.26
42.83
30.30
133.65
198.27
277.32
109.62
197.47
325.80
180.09
78.39
315.95
106.52
125.41
15.18
89.73
82.73
290.05
40.75
316.29
116.83
56.62
18.96
323.99
57.55
315.55
64.55
93.80
132.96
33.31
229.99
257.00
179.35
245.22
200.52
101.73
255.64
287.02
318.48
111.46
114.12
78.93
178.94
321.03
77.33
157.49
49.52
30.12
136.32
161.89
45.83
318.01
147.82
249.46
21.72
153.85
239.37
248.92
20.85
325.86
40.12
42.91
316.74
85.32
106.14
248.19
232.32
73.51
225.70
131.76
9.09
32.02
267.38
22.78
1.73
276.81
222.30
243.75
157.49
24.23
188.16
216.27
282.14
238.53
223.38
250.35
119.73
156.89
163.46
170.23
75.44
76.82
310.92
234.57
298.27
217.14
141.92
142.41
263.39
45.58
200.70
272.09
175.47
8.19
65.03
289.16
106.86
223.37
175.42
253.39
158.04
41.72
83.43
16.49
175.68
243.36
256.55
74.40
21.85
305.33
322.69
321.14
240.56
47.23
236.31
195.89
182.97
53.84
198.47
274.49
318.78
24.72
242.15
277.71
224.40
263.08
230.34
100.87
286.39
211.02
195.34
147.77
249.00
226.35
128.15
37.17
22.85
180.58
129.66
156.57
143.53
90.13
32.34
216.31
88.12
292.54
59.57
261.99
30.45
153.88
320.66
264.04
310.87
27.97
53.17
138.13
269.25
210.85
309.00
247.43
219.77
300.32
182.28
308.09
24.06
240.61
106.08
25.93
7.40
236.21
21.98
40.93
296.05
159.38
51.53
281.73
60.46
223.06
320.94
204.79
279.19
266.78
31.13
314.34
39.43
82.62
289.20
262.71
146.90
95.12
307.48
135.96
129.16
234.40
5.79
224.68
111.14
248.74
261.76
314.04
200.47
278.78
82.07
19.10
14.20
24.52
289.47
216.35
159.56
242.40
219.23
216.05
108.15
316.15
296.37
229.31
174.61
226.19
264.25
169.93
73.10
5.86
37.70
84.95
124.07
94.30
160.00
135.36
206.32
261.37
317.53
178.06
232.84
187.12
100.09
147.15
194.72
26.42
133.12
302.83
274.79
109.04
233.23
252.01
58.21
71.98
249.89
68.88
290.91
178.75
244.63
125.79
314.82
207.18
100.06
13.50
201.40
298.97
125.33
42.46
56.87
135.55
128.82
133.58
278.03
177.93
163.17
245.65
147.11
24.68
85.58
96.76
182.87
247.05
155.66
33.40
66.08
133.72
141.38
148.95
177.83
325.98
138.27
160.77
207.19
154.18
245.05
96.75
245.37
294.58
6.81
40.47
116.65
230.07
11.88
296.86
69.26
150.49
0.02
227.30
215.14
52.99
127.75
65.10
203.23
107.71
76.21
28.44
119.70
291.85
25.94
58.42
167.62
80.78
150.04
69.83
119.55
131.42
28.58
110.44
27.59
192.89
206.44
316.01
235.32
94.78
88.38
57.09
210.12
14.33
291.69
96.99
138.41
319.11
45.94
275.45
215.01
135.59
53.83
142.18
258.17
183.24
91.83
297.51
152.20
176.96
126.42
67.77
144.78
269.87
122.73
86.35
190.06
115.89
112.47
164.85
313.77
108.96
285.44
42.51
208.52
16.89
50.08
279.44
35.40
221.84
87.28
68.37
312.35
130.13
116.76
44.15
244.14
274.22
5.05
311.76
238.53
47.91
210.85
133.88
99.30
219.21
21.99
312.22
279.10
195.82
65.45
285.64
304.08
170.60
7.94
154.33
115.11
88.16
222.49
308.49
75.78
317.08
304.31
23.46
149.10
228.68
262.53
151.38
219.12
222.14
220.06
130.35
93.24
120.25
188.38
11.90
178.38
130.87
9.31
21.11
56.06
247.49
47.54
158.45
209.53
24.10
104.61
222.05
195.57
168.38
87.08
137.83
152.77
24.14
227.38
320.97
249.50
251.17
130.25
317.70
48.17
186.13
13.76
38.50
253.39
175.50
141.00
193.13
300.81
2.70
173.09
12.77
152.71
95.94
10.19
10.87
84.59
243.31
246.56
3.52
275.26
208.05
201.99
140.96
210.75
247.08
175.26
86.40
42.11
27.76
311.36
161.45
302.87
171.70
106.86
249.72
160.32
5.43
119.99
277.95
108.92
6.61
79.49
32.23
105.13
231.80
201.79
162.68
34.95
265.43
238.04
167.94
66.89
167.87
111.64
128.22
245.33
97.99
272.21
12.00
153.56
54.20
55.87
48.46
295.32
30.78
42.49
250.49
125.80
67.40
145.92
286.62
279.27
160.93
83.16
80.55
319.80
172.92
184.66
42.75
217.49
29.41
16.39
2.12
153.60
18.80
312.75
2.07
303.31
173.74
120.22
62.98
114.83
181.13
221.45
109.05
44.14
117.05
152.24
110.97
21.26
173.64
208.62
3.84
228.89
2.70
16.50
87.08
107.52
102.73
145.76
155.16
184.93
303.66
307.47
31.88
22.81
69.73
288.26
84.85
155.00
262.25
109.77
132.84
327.26
269.44
324.34
238.01
274.53
302.90
245.47
157.32
260.88
146.64
267.21
289.55
81.40
226.07
172.69
237.18
304.85
214.92
241.34
113.11
196.55
64.58
4.16
56.04
32.37
312.09
145.79
135.67
277.30
325.54
109.11
43.44
96.54
190.25
177.74
94.64
124.51
307.14
264.66
316.34
163.12
146.79
250.10
129.74
11.58
60.88
322.71
316.85
324.98
58.04
269.23
277.32
235.14
101.04
98.52
129.38
99.80
92.22
289.90
5.80
215.23
171.99
119.59
200.28
254.10
152.59
219.50
85.73
93.98
22.64
285.42
115.47
244.56
17.06
54.96
240.96
245.44
221.78
42.95
40.41
123.84
173.94
324.24
117.63
7.04
65.28
77.37
235.04
29.97
77.37
111.37
294.06
220.40
111.76
275.69
281.86
208.04
48.07
201.37
54.89
78.72
171.73
188.78
321.19
253.74
266.00
204.11
121.23
77.14
286.77
25.97
33.55
200.07
131.66
142.76
179.08
252.79
111.31
215.98
284.45
170.50
289.72
281.02
53.00
267.93
301.42
189.66
222.65
236.82
106.20
172.08
265.54
25.67
12.40
316.59
317.58
154.26
101.70
206.11
16.06
162.76
7.92
114.42
194.89
284.31
165.83
85.83
115.83
125.76
239.53
267.40
117.36
100.97
106.31
128.20
65.74
56.45
88.56
262.20
213.12
178.62
239.07
149.62
90.25
260.68
287.46
160.75
72.40
124.78
53.20
194.17
263.13
226.54
294.44
284.05
23.72
322.24
193.66
156.09
1.88
141.23
296.73
117.78
157.23
271.39
225.13
262.28
224.52
318.86
305.60
44.14
44.41
86.62
41.32
121.27
304.46
177.74
275.38
1.69
137.10
231.29
4.41
270.76
309.24
43.91
263.52
316.07
258.36
146.89
142.58
325.47
3.40
210.31
303.80
114.08
100.45
36.08
43.71
278.84
186.06
200.82
320.59
202.41
91.31
229.06
100.86
43.59
137.38
205.11
84.10
252.90
8.38
99.46
177.18
179.97
21.03
96.88
189.49
124.78
254.74
134.03
277.96
207.48
51.01
295.34
128.01
81.03
227.10
275.12
280.53
70.47
26.92
209.94
3.39
226.39
1.58
106.20
32.81
170.11
221.07
166.85
323.27
150.32
94.34
225.38
148.22
290.51
12.66
263.29
193.07
85.32
280.12
219.10
220.03
40.28
167.52
82.14
138.41
304.14
90.22
117.54
25.90
154.34
243.51
249.66
53.28
66.23
6.66
88.67
117.90
68.26
296.74
265.93
138.27
46.02
76.00
9.45
159.86
285.02
7.42
144.50
241.37
50.57
202.44
224.90
254.64
31.32
140.22
290.80
222.75
219.01
154.21
218.15
18.78
33.91
113.65
274.62
32.90
132.90
266.31
106.78
319.41
257.80
197.76
101.15
159.26
97.52
218.10
50.15
136.97
143.10
148.41
48.43
147.91
6.51
145.60
189.27
22.51
29.63
176.21
54.20
115.20
49.72
156.43
136.07
25.35
164.93
318.07
290.65
6.63
315.10
213.25
305.90
283.17
244.74
177.31
305.55
207.43
267.78
58.30
177.95
14.68
141.32
15.56
6.51
227.99
72.28
161.86
37.40
157.63
181.21
247.11
194.81
51.68
153.48
90.24
300.82
149.66
317.08
318.93
27.13
212.98
307.02
191.56
63.39
320.63
159.71
253.09
252.64
278.07
325.21
45.66
110.70
66.02
197.83
264.00
101.39
315.58
172.43
231.77
237.22
321.20
273.67
88.99
275.61
114.50
37.56
205.01
46.24
178.38
229.33
325.92
247.64
81.45
263.59
145.97
282.36
98.11
102.63
207.25
22.52
212.86
171.33
229.85
108.97
246.61
200.07
2.59
139.23
91.11
36.97
264.21
160.98
184.68
63.88
185.44
238.42
232.39
325.40
23.04
231.93
236.04
265.27
313.18
128.59
198.69
145.23
277.18
114.91
275.20
142.71
241.79
74.13
27.55
168.44
261.19
320.65
194.58
4.77
70.79
305.07
64.40
184.37
96.38
51.29
85.08
261.04
129.20
76.29
180.46
135.17
305.70
294.12
129.79
102.42
19.37
208.30
14.69
45.45
58.88
238.86
211.02
318.41
323.18
262.28
239.66
156.64
46.00
125.69
213.71
93.28
89.46
179.79
264.01
283.19
149.15
38.18
42.03
232.92
260.50
161.14
235.60
28.86
104.28
211.78
4.65
42.95
258.32
93.24
136.57
190.89
203.80
236.38
257.98
309.84
182.40
165.29
230.08
109.12
74.28
102.08
290.32
260.88
99.34
50.82
237.23
135.12
116.38
139.00
85.35
299.58
28.70
260.73
193.40
46.23
36.76
178.91
15.90
30.61
297.62
96.47
34.83
285.96
42.24
232.35
123.36
94.01
297.92
68.03
209.13
132.21
108.99
59.81
93.28
272.14
233.30
256.82
33.10
2.62
275.59
258.46
255.12
95.05
286.04
194.01
23.55
32.49
321.80
276.87
1.39
306.12
152.41
254.53
9.37
168.17
143.58
239.01
180.03
272.62
257.34
306.60
233.52
137.66
169.09
23.93
284.76
188.57
61.02
204.57
202.41
281.32
177.24
188.65
273.99
205.62
10.84
158.84
197.49
293.63
123.30
146.70
136.88
96.45
257.64
327.51
206.51
135.84
22.45
155.96
155.76
105.90
68.10
285.22
206.38
170.35
201.86
234.52
226.44
40.97
227.37
7.44
159.32
189.19
283.18
264.37
202.52
203.87
239.66
76.56
50.01
285.73
171.92
299.83
280.68
236.22
157.39
126.69
291.30
292.74
104.84
97.83
116.22
134.10
157.49
114.70
204.90
80.60
82.90
163.66
273.27
157.10
158.69
157.67
147.45
60.41
0.53
52.42
111.50
286.99
135.14
247.42
73.03
253.36
143.57
152.03
301.36
218.66
143.26
169.90
102.85
220.38
89.73
66.63
137.34
211.36
61.89
284.72
152.69
179.54
271.49
153.83
135.09
178.65
28.81
215.65
256.77
34.57
303.13
317.68
81.97
293.78
262.81
39.81
277.21
246.51
297.85
317.14
77.71
161.58
271.33
43.16
309.74
288.76
259.75
279.40
305.28
161.14
65.23
25.43
147.43
256.04
172.20
107.18
187.35
44.25
103.73
120.67
96.03
56.71
127.07
73.98
205.23
32.33
297.29
184.07
191.88
120.62
167.32
313.32
154.14
152.12
34.48
39.01
116.18
17.96
170.50
185.18
61.07
103.84
215.91
256.61
133.19
232.10
100.93
140.93
160.37
317.19
86.25
190.90
103.37
205.00
302.81
188.61
255.09
263.03
5.39
150.98
175.87
191.94
195.89
201.45
102.25
246.67
0.79
173.54
211.23
44.23
288.94
103.41
166.71
129.12
326.82
310.80
228.13
162.85
301.94
259.62
122.38
219.30
99.02
140.32
235.67
35.35
278.45
105.49
15.66
77.17
229.12
117.92
106.68
254.45
100.46
257.44
159.23
143.23
175.14
186.35
147.29
153.88
27.31
240.88
83.74
295.96
302.98
227.13
69.15
236.52
292.41
27.50
151.87
252.42
29.14
61.81
296.22
219.84
85.73
138.94
264.28
173.69
264.22
313.43
35.91
235.29
181.59
316.91
244.84
164.45
326.89
195.92
306.20
266.36
36.89
36.40
266.93
304.92
141.61
95.92
122.54
119.11
173.24
206.88
9.87
232.31
183.58
99.47
262.38
252.96
12.43
162.96
150.15
237.81
153.99
34.23
189.25
194.70
12.78
102.80
289.09
274.56
317.57
44.24
260.82
106.54
241.92
126.85
198.31
153.50
259.73
58.69
45.69
265.11
301.29
136.74
123.03
271.70
306.10
120.89
285.58
89.98
274.61
266.58
143.44
251.68
33.85
266.66
311.10
326.03
78.92
208.48
232.22
79.41
100.84
279.89
85.82
187.78
167.28
53.43
25.45
136.20
183.52
308.16
325.37
279.07
306.42
26.42
272.87
124.90
232.63
44.86
35.99
146.98
33.65
98.54
69.19
166.75
131.42
82.15
319.93
300.40
137.85
131.62
24.70
137.14
50.24
191.89
29.90
173.52
249.21
227.74
233.90
189.10
186.65
105.20
311.77
226.35
74.46
300.33
251.14
170.87
218.91
169.07
13.20
317.81
17.62
177.94
90.35
231.41
111.09
241.73
308.31
249.73
203.41
240.32
282.62
319.85
303.75
103.53
188.19
188.01
196.92
293.38
8.68
217.54
307.28
72.62
184.47
305.44
74.93
287.19
187.53
102.50
285.20
187.04
235.54
301.74
227.56
255.91
52.45
7.98
57.10
246.93
215.19
111.39
217.77
134.64
321.58
141.22
108.51
61.61
174.52
160.92
303.27
108.98
183.47
96.18
20.36
229.06
297.15
192.56
50.31
186.12
221.95
237.30
216.20
171.16
240.04
258.85
265.15
298.60
138.92
11.11
145.85
305.83
153.62
283.53
51.39
285.08
122.77
67.23
114.50
164.12
104.49
155.05
134.12
75.91
291.48
324.29
203.75
316.68
194.54
24.78
326.76
83.60
176.88
206.71
216.49
245.05
65.51
154.66
315.75
159.55
215.77
69.35
318.22
22.34
83.03
314.39
158.45
66.42
5.31
205.50
80.86
232.60
267.80
38.65
166.65
155.21
203.83
59.72
189.04
128.83
250.80
72.23
175.72
281.14
212.74
266.82
255.10
255.81
252.51
87.82
165.36
234.98
159.24
308.22
279.57
34.64
136.95
213.02
266.05
51.54
298.57
305.22
186.54
139.75
145.15
140.75
151.04
195.28
129.55
67.98
55.35
165.45
31.12
82.85
107.67
312.27
172.47
315.30
65.55
101.77
204.95
290.08
183.66
153.14
183.48
167.16
155.10
49.03
295.29
121.57
29.65
45.34
31.43
84.88
47.30
137.18
46.70
268.15
93.43
259.55
287.93
100.83
301.64
322.28
257.83
265.35
233.73
253.23
236.95
219.11
128.88
60.13
156.20
143.29
13.29
84.99
185.21
37.94
162.17
150.72
56.71
315.32
16.04
67.72
209.08
215.27
26.41
200.01
129.02
33.10
256.00
298.84
253.12
206.99
208.32
218.61
188.93
306.21
265.66
67.62
269.63
142.17
35.24
131.61
186.01
145.43
208.25
88.85
71.40
281.59
282.62
148.43
76.94
219.64
64.97
25.98
208.57
25.75
251.65
26.87
67.38
163.99
173.86
151.29
264.89
76.79
130.97
180.28
239.52
25.04
171.22
261.76
144.19
217.69
122.33
40.45
220.55
272.28
267.83
110.40
86.93
245.40
262.77
229.76
202.80
48.36
272.22
42.42
72.53
125.69
287.57
22.98
38.84
211.62
293.49
197.79
245.56
25.18
189.68
256.65
15.79
29.91
174.18
246.28
72.22
220.46
164.62
217.44
32.37
305.04
274.97
310.35
159.23
228.95
268.78
305.83
127.49
148.44
6.50
126.73
181.53
110.67
118.58
317.04
66.81
187.59
6.65
51.22
127.68
8.72
269.01
220.59
281.00
78.99
98.92
302.24
275.56
222.25
28.76
161.55
223.48
158.01
240.96
81.43
225.99
173.46
231.30
11.27
45.96
16.92
203.25
175.94
271.01
200.95
148.90
105.94
21.15
236.63
271.82
194.85
181.74
280.94
18.01
223.87
6.44
63.54
25.86
270.34
3.27
264.09
1.21
78.30
259.24
206.33
105.41
14.44
235.12
317.09
173.11
14.97
327.26
267.01
87.83
302.15
86.64
258.37
219.58
276.16
273.46
308.89
9.72
16.30
33.09
81.59
160.90
141.78
303.54
7.98
291.38
206.35
153.00
28.62
132.94
224.41
106.76
302.88
63.90
259.86
144.79
211.90
209.19
53.97
203.79
6.62
124.64
177.10
39.70
114.04
263.82
126.98
58.70
159.98
35.47
101.23
300.37
258.11
203.38
228.46
164.07
69.82
177.18
53.38
321.98
150.80
239.39
252.44
234.92
105.96
240.37
200.17
251.08
34.63
218.96
244.19
65.06
115.20
51.04
15.28
224.04
223.72
306.98
319.59
96.61
6.29
109.47
267.33
301.76
316.51
70.95
133.91
64.58
212.03
203.96
297.29
117.63
251.84
228.17
193.82
303.66
62.39
31.69
88.24
204.94
258.96
174.04
97.39
146.99
294.58
188.07
246.21
88.38
29.41
138.91
255.69
298.02
197.34
248.12
219.64
21.00
59.74
108.99
214.71
0.36
203.00
165.42
0.54
140.67
249.89
99.02
131.20
146.95
96.73
73.77
64.33
322.94
17.11
138.18
159.56
204.24
52.04
129.74
203.73
74.71
253.12
296.95
43.50
92.43
232.73
68.46
205.92
107.45
243.08
99.65
223.24
140.76
271.93
111.23
79.06
19.03
32.39
271.55
198.42
100.58
266.64
275.51
156.02
276.51
49.02
267.29
44.88
165.50
11.02
53.71
92.07
307.60
275.40
99.92
170.15
66.49
72.87
98.90
33.60
237.68
280.38
244.92
290.79
173.87
125.79
19.39
25.41
46.23
111.43
274.49
252.84
19.01
107.58
146.42
278.28
75.02
80.84
154.11
74.05
133.60
272.73
65.99
2.85
266.48
101.45
269.48
190.92
325.55
138.95
140.78
52.86
98.48
210.11
183.62
272.16
289.53
260.01
123.90
202.55
198.34
313.00
56.39
203.02
258.48
271.14
107.38
233.42
65.74
135.70
138.87
291.31
57.71
88.44
200.91
242.69
96.40
33.44
308.77
39.96
166.01
2.25
251.47
173.52
42.27
40.03
302.06
73.35
196.29
320.11
259.40
205.44
134.01
104.70
313.32
8.71
38.60
231.33
179.91
38.82
278.52
205.99
326.29
136.76
61.14
153.27
93.41
22.56
280.32
15.12
140.74
30.33
41.41
22.54
88.98
192.79
103.98
74.87
95.68
306.92
104.47
84.73
188.85
171.75
177.47
234.14
195.14
8.57
63.77
250.62
313.85
254.54
98.07
253.39
257.89
84.71
113.55
312.43
289.83
79.18
0.71
287.21
108.18
198.57
251.65
37.33
222.66
122.90
1.15
260.93
135.12
325.90
70.81
121.00
258.89
126.53
7.85
107.46
254.56
264.74
229.42
69.25
59.68
17.32
230.08
208.86
222.71
5.31
31.02
216.55
281.75
53.58
88.70
76.67
318.39
304.77
287.69
17.26
167.14
191.15
116.90
186.15
100.14
189.90
326.08
146.11
89.12
309.86
297.54
83.17
153.42
235.23
277.39
215.94
206.92
317.30
79.75
300.33
274.27
147.61
131.40
304.75
144.47
129.54
74.92
218.15
315.44
160.21
142.26
66.10
20.76
184.48
189.23
63.09
90.34
9.72
292.15
10.39
210.50
193.82
90.79
161.32
301.08
84.60
123.62
41.82
162.70
65.92
45.55
69.63
230.57
156.49
251.25
166.24
209.26
50.48
155.62
204.84
63.25
282.72
309.83
93.04
137.83
104.91
294.05
73.58
297.49
275.04
220.28
24.94
99.27
120.89
80.48
311.29
216.02
28.60
185.76
14.16
245.48
28.08
208.53
10.93
1.78
55.71
73.52
178.68
80.36
102.57
209.59
154.59
273.26
258.32
148.26
140.40
145.62
169.46
189.84
41.06
22.45
216.02
208.15
306.34
143.04
320.90
314.36
144.03
164.24
6.52
72.56
78.00
46.71
200.64
4.60
259.98
245.56
247.90
110.62
197.54
273.37
131.65
125.88
154.51
110.67
51.87
172.48
55.94
255.11
154.85
300.69
85.93
296.67
97.05
199.85
121.23
2.35
255.70
195.08
222.83
176.22
8.85
222.16
311.51
69.20
140.18
190.65
266.46
73.36
203.88
65.98
211.35
249.17
198.60
131.44
261.00
143.56
7.14
88.51
148.23
277.89
52.86
77.88
297.88
277.68
233.75
313.54
180.08
249.14
257.54
118.55
97.19
46.92
77.25
263.76
270.60
88.69
273.64
223.07
104.69
327.19
100.99
144.81
14.13
52.32
251.65
135.80
172.06
49.14
191.41
104.11
203.58
281.56
70.27
293.64
80.50
198.18
9.86
186.09
15.77
72.91
218.31
163.26
268.98
318.82
304.60
0.65
299.67
136.96
259.98
223.87
145.96
302.79
167.80
71.03
188.35
311.06
126.41
58.72
210.34
252.11
67.80
273.43
141.44
262.04
301.26
92.06
117.39
55.39
171.07
283.83
277.34
229.92
245.00
90.24
226.25
315.84
179.64
65.55
220.89
174.07
300.90
325.28
75.46
43.46
28.71
70.31
138.90
271.23
201.21
157.87
12.39
286.32
133.66
169.36
14.36
143.58
71.97
265.85
78.40
266.33
203.54
264.11
108.55
93.99
4.24
326.14
81.74
109.43
225.32
282.21
317.21
88.44
157.75
14.44
203.03
12.30
14.68
214.73
59.12
90.03
86.35
45.82
167.10
105.45
282.21
194.22
8.02
106.40
234.33
307.26
258.00
29.50
299.98
286.06
97.01
278.02
33.06
324.80
245.12
190.85
32.75
320.80
21.67
24.46
134.60
99.40
152.43
109.25
180.18
95.10
275.51
180.66
262.55
0.72
249.57
83.03
130.15
269.04
113.54
259.07
216.89
46.44
264.59
273.93
48.96
27.51
308.08
12.48
100.51
205.65
112.31
160.52
227.30
25.55
211.16
54.85
95.22
87.78
172.07
326.38
303.22
131.66
264.63
229.28
114.87
310.98
131.90
29.36
0.77
161.26
127.49
310.79
318.63
306.84
3.54
54.73
73.29
323.43
284.86
94.57
190.67
98.37
31.56
38.66
174.81
70.15
257.27
180.64
118.41
152.78
151.95
92.57
213.00
263.36
291.51
178.06
226.41
292.19
310.81
174.62
268.55
140.10
307.22
226.77
70.49
283.74
4.83
157.60
63.91
216.78
31.29
266.77
174.98
142.89
320.38
265.37
275.35
319.31
320.08
3.53
170.33
150.15
279.01
239.57
117.60
275.57
98.95
225.14
84.62
253.24
269.24
185.76
48.44
321.13
60.17
228.19
201.52
165.69
112.41
149.65
90.66
235.31
12.08
199.88
139.92
161.69
282.53
62.15
324.86
156.48
37.43
36.55
104.49
273.58
54.15
52.92
276.30
127.72
218.23
169.34
47.34
185.57
114.81
149.57
145.02
11.02
237.63
136.91
17.40
151.49
139.45
17.84
274.60
97.83
169.72
148.38
59.32
315.16
174.10
53.42
170.44
122.22
163.33
65.70
317.15
71.63
258.24
221.01
16.53
281.02
3.04
65.44
32.09
90.85
252.07
245.03
103.31
1.18
185.59
30.75
21.89
122.52
196.13
168.97
132.59
24.89
252.11
295.07
122.07
118.59
220.43
300.37
38.10
275.80
274.17
132.98
108.85
86.13
3.05
213.68
27.67
60.03
250.88
224.26
171.43
308.69
71.83
87.89
174.92
274.12
38.53
243.57
278.43
298.03
34.20
118.96
215.77
83.46
140.32
95.71
76.73
80.54
288.51
301.00
205.04
195.23
79.48
208.72
305.92
213.80
8.00
248.30
67.22
274.10
254.02
229.55
157.59
205.88
244.88
41.43
7.29
3.34
64.06
54.48
82.45
252.21
30.07
131.25
143.40
186.89
176.16
245.10
214.58
64.44
214.55
300.83
16.62
287.94
77.24
191.54
311.31
33.93
306.48
306.69
271.59
268.28
93.15
248.74
225.54
142.51
100.58
233.41
282.09
174.84
7.53
309.31
255.16
224.80
201.72
233.77
241.33
94.95
179.25
55.64
58.90
271.65
131.77
309.86
180.12
152.42
243.24
236.09
70.72
119.08
245.74
135.18
173.02
217.04
309.81
49.93
169.93
161.21
248.29
228.39
93.82
310.31
75.10
143.84
194.40
138.12
208.77
218.90
231.23
69.15
102.30
78.78
3.36
258.42
142.64
102.57
143.29
216.58
30.97
97.66
72.53
69.00
125.40
227.61
10.30
141.27
267.91
312.55
0.41
314.87
283.62
10.77
226.54
105.51
278.37
260.54
168.41
252.42
7.78
298.89
213.68
217.42
31.15
138.90
1.33
246.59
318.93
200.96
60.46
99.39
10.13
115.19
37.16
149.06
214.33
186.95
73.45
235.92
119.86
5.96
269.41
11.24
99.12
312.47
204.82
85.63
106.71
307.17
5.11
182.82
179.94
122.79
12.74
166.40
184.77
316.42
221.21
140.55
46.30
236.15
137.15
249.25
228.15
228.29
227.71
307.18
95.33
35.98
48.29
214.68
151.17
321.60
105.96
306.73
212.00
319.17
259.78
294.60
165.63
187.49
75.13
210.03
292.69
87.14
159.06
44.48
259.87
292.36
63.40
182.63
318.14
259.10
302.40
305.59
210.23
304.89
139.31
173.83
303.53
217.36
327.23
292.98
125.12
85.47
164.85
301.90
125.69
291.75
18.38
295.05
210.74
61.26
308.80
297.34
210.43
25.32
251.44
154.15
86.29
3.78
126.38
297.70
130.98
85.26
208.77
81.93
270.06
141.22
137.47
45.09
32.60
282.83
43.15
204.99
265.79
17.97
5.21
90.58
295.95
255.58
141.81
151.39
130.75
16.56
196.12
90.58
94.53
190.51
267.56
316.60
282.36
299.06
240.63
93.21
89.08
277.57
215.37
221.25
199.07
117.19
147.41
227.29
83.90
204.01
18.52
186.63
275.03
112.46
56.56
104.54
164.78
0.48
31.77
102.10
275.18
69.80
97.49
228.88
75.61
272.73
236.29
199.44
288.79
316.54
123.98
169.88
110.59
180.44
77.17
229.84
249.50
213.38
309.35
53.95
245.04
44.64
144.00
320.21
315.47
290.63
308.10
130.41
126.51
63.83
124.16
232.05
143.63
165.68
260.67
50.87
253.62
54.13
237.73
299.71
7.10
105.89
37.00
155.62
82.95
213.48
255.69
115.81
151.35
10.98
323.22
179.54
272.89
288.34
33.73
206.78
27.52
74.78
308.70
292.76
217.05
92.09
250.75
144.84
24.19
177.25
165.41
216.16
42.37
64.38
75.46
305.48
127.29
300.47
127.61
16.28
190.57
233.07
280.61
61.29
95.43
2.55
103.98
285.75
221.29
200.14
8.44
276.81
167.72
226.28
149.98
71.02
113.92
151.60
294.50
273.53
10.37
233.56
161.89
83.87
135.72
269.98
259.65
78.91
161.77
151.24
103.41
55.61
259.44
187.79
60.49
94.87
77.97
281.29
109.31
64.49
113.36
120.28
112.37
151.83
315.05
124.10
138.56
265.60
119.29
73.14
189.56
242.17
1.13
64.27
159.93
6.39
213.74
74.20
40.94
311.61
83.74
148.20
214.71
259.93
84.84
118.35
210.44
91.49
228.34
213.36
28.88
200.97
269.19
153.48
113.28
282.79
181.59
58.54
140.77
48.74
176.91
107.37
248.99
176.63
28.56
310.44
284.42
18.68
253.48
283.20
31.88
230.86
327.18
54.31
271.53
298.14
86.69
157.62
86.08
100.19
153.65
76.28
95.11
79.90
322.77
168.94
157.80
311.70
267.88
248.26
237.97
241.31
199.82
269.40
181.65
49.12
257.85
230.69
219.92
165.96
201.25
156.90
240.89
221.05
148.51
216.21
298.89
177.02
326.52
202.98
77.23
16.43
249.50
75.89
100.06
79.29
205.07
128.02
116.11
54.64
224.58
184.85
71.19
36.03
70.34
11.15
75.31
5.99
4.28
322.72
193.70
175.96
300.33
30.42
72.19
185.31
247.96
253.50
209.20
241.29
179.77
243.94
297.26
237.38
61.57
18.67
50.86
259.70
144.00
84.24
237.23
157.12
163.13
271.26
151.89
274.28
295.44
187.41
68.93
39.94
26.98
29.47
320.42
114.39
107.92
3.36
291.95
200.83
148.17
41.78
129.90
190.56
301.86
34.50
255.37
23.63
251.71
294.78
169.67
36.56
9.08
183.28
166.05
128.02
0.39
183.43
223.49
169.23
40.63
106.76
24.98
317.77
235.14
32.96
274.38
57.15
133.55
267.48
79.13
191.22
160.27
40.34
75.79
62.35
6.81
76.18
167.31
120.51
304.15
239.66
238.32
146.28
294.47
7.62
254.00
305.68
114.06
180.95
244.48
255.07
79.12
152.95
184.84
197.33
15.72
288.14
272.63
90.40
200.65
123.67
302.28
254.16
73.13
309.08
276.70
232.09
216.29
307.30
300.06
136.77
163.94
100.12
253.71
24.77
152.90
214.95
248.38
219.43
31.89
124.06
60.70
93.14
170.34
146.54
185.69
193.58
199.53
22.93
91.89
310.55
101.95
275.67
242.78
6.04
136.43
180.89
194.48
102.42
182.87
102.98
316.40
182.87
236.90
51.26
100.06
101.24
17.08
244.37
275.33
228.10
70.13
129.00
60.70
238.08
43.01
0.26
43.62
12.51
112.07
31.97
51.59
168.88
254.79
208.69
216.21
220.38
77.62
227.70
161.37
69.28
111.41
241.22
258.02
215.69
78.97
196.54
204.34
159.76
289.01
282.53
184.55
209.19
22.77
240.33
192.74
271.74
50.49
46.65
153.59
189.57
195.05
55.18
30.87
109.94
62.79
155.46
261.70
206.39
84.93
294.37
69.29
211.12
176.09
281.46
217.80
38.52
34.55
240.02
225.51
322.34
29.26
280.56
204.58
214.30
144.61
103.25
292.40
113.88
187.75
55.08
306.40
123.55
40.20
88.48
123.87
260.86
209.55
113.16
141.89
102.71
152.04
154.12
25.20
289.01
192.67
202.99
12.13
284.08
253.46
141.80
37.56
65.86
233.74
281.73
287.50
141.44
168.21
274.32
82.65
22.17
91.34
214.75
16.36
42.70
27.78
56.11
312.12
103.63
37.21
171.17
325.98
222.05
78.08
163.82
23.41
74.21
273.86
77.23
163.99
120.76
35.64
117.95
57.23
188.15
229.25
93.79
108.93
62.69
286.94
255.38
156.85
264.54
22.46
151.67
159.73
21.66
15.78
138.31
136.82
113.54
167.95
183.32
23.65
68.18
122.96
280.98
273.30
3.60
173.98
67.80
264.48
201.77
124.84
312.86
260.90
186.57
294.92
272.04
51.02
224.20
171.91
131.95
12.68
136.10
211.60
239.34
25.53
309.14
323.00
115.97
9.57
120.74
210.16
95.60
134.17
301.98
24.36
63.78
216.21
196.63
271.99
102.76
283.61
43.66
87.23
143.91
184.66
224.10
23.78
153.19
219.44
63.17
282.72
245.56
18.22
252.94
203.15
288.10
264.73
17.22
90.65
25.95
229.32
293.32
69.21
273.87
297.31
120.00
308.45
309.41
163.91
127.62
260.78
202.37
242.58
320.12
277.44
267.49
234.99
146.23
288.87
149.15
115.72
173.94
229.06
210.67
101.22
258.33
166.15
200.41
268.77
70.48
231.44
161.14
327.04
154.24
275.09
193.08
204.03
203.60
323.78
104.99
315.52
264.16
130.18
151.33
213.78
240.50
200.19
285.28
50.37
136.43
294.12
108.66
275.62
14.17
81.40
225.45
76.81
133.48
238.93
298.61
135.64
256.81
152.81
87.39
48.74
219.73
16.36
75.71
251.85
97.51
207.39
104.36
102.15
101.06
166.99
154.22
320.83
171.29
148.68
54.96
139.67
60.68
195.75
300.27
303.05
198.66
43.35
88.71
302.83
197.51
201.40
14.13
14.56
210.56
50.69
281.88
10.79
33.24
89.27
236.40
234.13
175.89
229.44
234.32
153.02
126.39
299.61
180.07
83.15
325.37
221.56
17.89
243.79
122.90
119.31
101.66
180.83
205.58
123.93
182.91
41.44
124.41
130.44
181.28
105.91
67.78
254.11
167.11
61.62
131.48
276.28
98.91
323.10
3.93
137.86
22.31
1.63
183.12
98.05
290.07
54.43
106.65
322.90
216.07
318.63
209.58
159.57
293.39
270.62
14.84
137.64
163.51
